# URL: https://cp2k-basis.pierrebeaujean.net/api/basis/DZVP-MOLOPT-PBE-GTH/data?elements=H,O,F,Na,Cl,I
# BUILD: 22/02/2023 @ 10:31
# FETCHED: 29/06/2023 @ 17:17
# ---
# H [10s5p|2s1p]
# SOURCE: https://github.com/cp2k/cp2k/raw/786bc82ff9ded3e1f761cba6d8e25c3c9fe19bb1/data/BASIS_MOLOPT_UZH#L36
H  DZVP-MOLOPT-PBE-GTH-q1 DZVP-MOLOPT-GGA-GTH-q1
1
2 0 1 5 2 1
  9.586641744358  0.028188454243 -0.011916098826 -0.104299547500
  2.202359864130  0.137112096750 -0.048501541876  0.333755971437
  0.604094259906  0.421114159535 -0.107830568846  0.500163684961
  0.146497785045  0.825868105506 -0.330879704789  0.775957173703
  0.139525796829  0.347865521314  0.936160668051 -0.159547199117
# O [10s10p5d|2s2p1d]
# SOURCE: https://github.com/cp2k/cp2k/raw/786bc82ff9ded3e1f761cba6d8e25c3c9fe19bb1/data/BASIS_MOLOPT_UZH#L307
O  DZVP-MOLOPT-PBE-GTH-q6 DZVP-MOLOPT-GGA-GTH-q6
1
2 0 2 5 2 2 1
 10.277042424065 -0.149868256025  0.048759688626 -0.092477972588  0.069652198011 -0.067753697289
  3.564052538806 -0.150283608565  0.038882119766 -0.290527105694  0.215775427853  0.182303508691
  1.313635632268  0.539068797290 -0.125699044360 -0.518398147192  0.367414070471  0.334682703086
  0.488903246714  0.802346121883 -0.075751253852 -0.626250099252  0.267796450585  0.910370319697
  0.155331533694  0.143526566604  0.987204219660 -0.496100795824 -0.861325430904 -0.146247176017
# F [10s10p5d|2s2p1d]
# SOURCE: https://github.com/cp2k/cp2k/raw/786bc82ff9ded3e1f761cba6d8e25c3c9fe19bb1/data/BASIS_MOLOPT_UZH#L338
F  DZVP-MOLOPT-PBE-GTH-q7 DZVP-MOLOPT-GGA-GTH-q7
1
2 0 2 5 2 2 1
 13.230127924257  0.141095120429 -0.008827757746 -0.100288729732  0.041981235360  0.041671128472
  4.658957574368  0.143335048965 -0.022826504391 -0.316315651405  0.115887868146  0.055681162214
  1.661070553970 -0.545747867506 -0.022155219012 -0.580372817136  0.225423260614  0.310705925850
  0.582845035459 -0.813241514395  0.032119744736 -0.655459714578  0.239845543847  0.938895400609
  0.184059407151 -0.018567043532 -0.998938681631 -0.351321128114 -0.936197653578 -0.130768419670
# Na [6s3p|2s1p]
# SOURCE: https://github.com/cp2k/cp2k/raw/786bc82ff9ded3e1f761cba6d8e25c3c9fe19bb1/data/BASIS_MOLOPT_UZH#L396
Na  DZVP-MOLOPT-PBE-GTH-q1 DZVP-MOLOPT-GGA-GTH-q1
1
2 0 1 3 2 1
  0.559373272807  0.432698741744 -0.362793274496 -0.092968612593
  0.084015669056 -0.704674873495  0.434900470136  0.669532915505
  0.037027835303  0.562321190742  0.824161768742  0.736941322038
# Na [21s14p|3s2p]
# SOURCE: https://github.com/cp2k/cp2k/raw/786bc82ff9ded3e1f761cba6d8e25c3c9fe19bb1/data/BASIS_MOLOPT_UZH#L425
Na  DZVP-MOLOPT-PBE-GTH-q9 DZVP-MOLOPT-GGA-GTH-q9
1
2 0 1 7 3 2
 23.790812148406  0.074480786273  0.014046702554  0.000735104697 -0.060829175147 -0.009935578987
 10.057599940656  0.210980261682  0.043147880142 -0.002362271214 -0.261904439018 -0.049653953774
  3.486608839971 -0.331139441549 -0.077133351090  0.012339710340 -0.567406887837 -0.106405035122
  1.260953881583 -0.793525476135 -0.247005638660  0.057201394724 -0.649625226260 -0.136880717338
  0.463672069763 -0.255159953256 -0.309380064090  0.292885769949 -0.382579781380 -0.046555083904
  0.160574312236 -0.301762081199  0.390550614448 -0.806991996922 -0.115368099696  0.315221429493
  0.041082122368 -0.233317327341  0.826277075021  0.509461925909 -0.155129873875  0.930508184498
# Cl [8s8p4d|2s2p1d]
# SOURCE: https://github.com/cp2k/cp2k/raw/786bc82ff9ded3e1f761cba6d8e25c3c9fe19bb1/data/BASIS_MOLOPT_UZH#L605
Cl  DZVP-MOLOPT-PBE-GTH-q7 DZVP-MOLOPT-GGA-GTH-q7
1
2 0 2 4 2 2 1
  1.998248119437  0.433846894942  0.307041170623  0.345339975324  0.179965250304  0.090563514175
  1.503630821199 -0.338194302379 -0.038999766075 -0.497369383451 -0.201781984518  0.285556761651
  0.406508845506 -0.513548002397 -0.629188376956 -0.670835040884 -0.334082727506  0.941536415238
  0.128537991102 -0.658536206158  0.712970352885 -0.428187278851  0.902931487206  0.154158245180
# I [8s8p4d|2s2p1d]
# SOURCE: https://github.com/cp2k/cp2k/raw/786bc82ff9ded3e1f761cba6d8e25c3c9fe19bb1/data/BASIS_MOLOPT_UZH#L1777
I  DZVP-MOLOPT-PBE-GTH-q7 DZVP-MOLOPT-GGA-GTH-q7
1
2 0 2 4 2 2 1
  0.867219595993 -0.149128577250 -0.708321410300  0.003300308959 -0.705577074940  0.644362108627
  0.803451945051  0.282954540932  0.584321291204  0.039873969887  0.707827010189 -0.693643687236
  0.237256552654 -0.166524504962  0.319968671908  0.911638304999 -0.032522467447 -0.316569673259
  0.086758479272  0.932720206954 -0.233386926269  0.409041288068  0.009176277943 -0.058647677678
